  0.33000000000000002        407.94486995540444     
  0.66000000000000003        407.76430793760215     
  0.98999999999999999        407.46349793268172     
   1.3200000000000001        407.04262986449180     
   1.6499999999999999        406.50196939998585     
   1.9800000000000000        405.84185772305011     
   2.3100000000000001        405.06271124409363     
   2.6400000000000001        404.16502124568069     
   2.9700000000000002        403.14935346455172     
   3.2999999999999998        402.01634761044420     
   3.6299999999999999        400.76671682218085     
   3.9600000000000000        399.40124706155905     
   4.2900000000000000        397.92079644563086     
   4.6200000000000001        396.32629451802848     
   4.9500000000000002        394.61874146004550     
   5.2800000000000002        392.79920724224343     
   5.6100000000000003        390.86883071741431     
   5.9400000000000004        388.82881865577900     
   6.2699999999999996        386.68044472336902     
   6.5999999999999996        384.42504840458162     
   6.9299999999999997        382.06403386996158     
   7.2599999999999998        379.59886879031319     
   7.5899999999999999        377.03108309829287     
   7.9199999999999999        374.36226769869290     
   8.2500000000000000        371.59407312866716     
   8.5800000000000001        368.72820816920279     
   8.9100000000000001        365.76643840918661     
   9.2400000000000002        362.71058476346053     
   9.5700000000000003        359.56252194630378     
   9.9000000000000004        356.32417690182410     
   10.230000000000000        352.99752719277649     
   10.560000000000000        349.58459934937054     
   10.890000000000001        346.08746717966659     
   11.220000000000001        342.50825004319074     
   11.550000000000001        338.84911108943948     
   11.880000000000001        335.11225546297254     
   12.210000000000001        331.29992847682604     
   12.539999999999999        327.41441375600522     
   12.869999999999999        323.45803135284444     
   13.199999999999999        319.43313583604652     
   13.529999999999999        315.34211435523554     
   13.859999999999999        311.18738468288382     
   14.190000000000000        306.97139323548424     
   14.520000000000000        302.69661307586756     
   14.850000000000000        298.36554189857151     
   15.180000000000000        293.98070000018504     
   15.510000000000000        289.54462823660424     
   15.840000000000000        285.05988596914466     
   16.170000000000002        280.52904900146137     
   16.500000000000000        275.95470750923704     
   16.829999999999998        271.33946396459817     
   17.160000000000000        266.68593105722368     
   17.489999999999998        261.99672961411227     
   17.820000000000000        257.27448651996303     
   18.149999999999999        252.52183264013277     
   18.480000000000000        247.74140074811697     
   18.809999999999999        242.93582345949710     
   19.140000000000001        238.10773117428570     
   19.469999999999999        233.25975002958998     
   19.800000000000001        228.39449986449821     
   20.129999999999999        223.51459219907917     
   20.460000000000001        218.62262822936307     
   20.789999999999999        213.72119684016124     
   21.120000000000001        208.81287263754604     
   21.449999999999999        203.90021400280438     
   21.780000000000001        198.98576116963972     
   22.109999999999999        194.07203432638016     
   22.440000000000001        189.16153174491288     
   22.770000000000000        184.25672793804171     
   23.100000000000001        179.36007184692812     
   23.430000000000000        174.47398506024132     
   23.760000000000002        169.60086006661166     
   24.090000000000000        164.74305854193977     
   24.420000000000002        159.90290967307840     
   24.750000000000000        155.08270851936174     
   25.079999999999998        150.28471441341588     
   25.410000000000000        145.51114940264284     
   25.739999999999998        140.76419673272366     
   26.070000000000000        136.04599937443993     
   26.399999999999999        131.35865859507140     
   26.730000000000000        126.70423257557232     
   27.059999999999999        122.08473507468477     
   27.390000000000001        117.50213414109425     
   27.719999999999999        112.95835087468448     
   28.050000000000001        108.45525823789173     
   28.379999999999999        103.99467991811042     
   28.710000000000001        99.578389242043386     
   29.039999999999999        95.208108142839180     
   29.370000000000001        90.885506180799553     
   29.699999999999999        86.612199618387223     
   30.030000000000001        82.389750550204809     
   30.359999999999999        78.219666088559336     
   30.690000000000001        74.103397605167885     
   31.020000000000000        70.042340029503933     
   31.350000000000001        66.037831204222130     
   31.680000000000000        62.091151298039925     
   32.009999999999998        58.203522276401756     
   32.340000000000003        54.376107430180355     
   32.670000000000002        50.610010962622937     
   33.000000000000000        46.906277634679086     
   33.329999999999998        43.265892468796153     
   33.659999999999997        39.689780511203466     
   33.990000000000002        36.178806652647559     
   34.320000000000000        32.733775507485433     
   34.649999999999999        29.355431350976410     
   34.979999999999997        26.044458114564247     
   35.310000000000002        22.801479438872992     
   35.640000000000001        19.627058784089428     
   35.969999999999999        16.521699597345204     
   36.299999999999997        13.485845536653404     
   36.630000000000003        10.519880750901411     
   36.960000000000001        7.6241302153441968     
   37.289999999999999        4.7988601219878166     
   37.619999999999997        2.0442783242004001     
   37.950000000000003      -0.63946516516678464     
   38.280000000000001       -3.2522776229169192     
   38.609999999999999       -5.7941230127233556     
   38.939999999999998       -8.2650213312943013     
   39.270000000000003       -10.665047904403746     
   39.600000000000001       -12.994332633758141     
   39.930000000000000       -15.253059195710062     
   40.259999999999998       -17.441464192879955     
   40.590000000000003       -19.559836259787929     
   40.920000000000002       -21.608515123643357     
   41.250000000000000       -23.587890621479463     
   41.579999999999998       -25.498401674862187     
   41.909999999999997       -27.340535223438579     
   42.240000000000002       -29.114825118632197     
   42.570000000000000       -30.821850978822162     
   42.899999999999999       -32.462237007384459     
   43.229999999999997       -34.036650774998968     
   43.560000000000002       -35.545801967663110     
   43.890000000000001       -36.990441101880322     
   44.219999999999999       -38.371358208517151     
   44.549999999999997       -39.689381486852888     
   44.880000000000003       -40.945375930367085     
   45.210000000000001       -42.140241925835355     
   45.539999999999999       -43.274913827322315     
   45.869999999999997       -44.350358506681346     
   46.200000000000003       -45.367573882189433     
   46.530000000000001       -46.327587426957905     
   46.859999999999999       -47.231454658776251     
   47.189999999999998       -48.080257613057725     
   47.520000000000003       -48.875103300564227     
   47.850000000000001       -49.617122151599958     
   48.180000000000000       -50.307466448363812     
   48.509999999999998       -50.947308747163035     
   48.840000000000003       -51.537840292184903     
   49.170000000000002       -52.080269422533895     
   49.500000000000000       -52.575819974230555     
   49.829999999999998       -53.025729678875720     
   50.159999999999997       -53.431248560670944     
   50.490000000000002       -53.793637333486899     
   50.820000000000000       -54.114165799657506     
   51.149999999999999       -54.394111252172173     
   51.479999999999997       -54.634756881924993     
   51.810000000000002       -54.837390191666216     
   52.140000000000001       -55.003301418288643     
   52.469999999999999       -55.133781965062262     
   52.799999999999997       -55.230122845412204     
   53.130000000000003       -55.293613139819442     
   53.460000000000001       -55.325538467395930     
   53.789999999999999       -55.327179473665893     
   54.119999999999997       -55.299810336061739     
   54.450000000000003       -55.244697288613452     
   54.780000000000001       -55.163097167285081     
   55.109999999999999       -55.056255977380346     
   55.439999999999998       -54.925407484413007     
   55.770000000000003       -54.771771829800052     
   56.100000000000001       -54.596554172706746     
   56.430000000000000       -54.400943359336836     
   56.759999999999998       -54.186110620922442     
   57.090000000000003       -53.953208301638192     
   57.420000000000002       -53.703368617615055     
   57.750000000000000       -53.437702448202110     
   58.079999999999998       -53.157298160573056     
   58.409999999999997       -52.863220468741602     
   58.740000000000002       -52.556509327999521     
   59.070000000000000       -52.238178865756559     
   59.399999999999999       -51.909216349705353     
   59.729999999999997       -51.570581194205246     
   60.060000000000002       -51.223204005713953     
   60.390000000000001       -50.867985668068300     
   60.719999999999999       -50.505796468352962     
   61.049999999999997       -50.137475264058850     
   61.380000000000003       -49.763828692175352     
   61.710000000000001       -49.385630420821180     
   62.039999999999999       -49.003620443960799     
   62.369999999999997       -48.618504419709083     
   62.700000000000003       -48.230953052672952     
   63.030000000000001       -47.841601520733320     
   63.359999999999999       -47.451048946613909     
   63.689999999999998       -47.059857914537403     
   64.019999999999996       -46.668554032218708     
   64.349999999999994       -46.277625538388428     
   64.680000000000007       -45.887522955997554     
   65.010000000000005       -45.498658791196995     
   65.340000000000003       -45.111407278135424     
   65.670000000000002       -44.726104169573659     
   66.000000000000000       -44.343046573256238     
   66.329999999999998       -43.962492833936693     
   66.659999999999997       -43.584662460901548     
   66.989999999999995       -43.209736100784582     
   67.319999999999993       -42.837855555425939     
   67.650000000000006       -42.469123844465884     
   67.980000000000004       -42.103605312329996     
   68.310000000000002       -41.741325779207195     
   68.640000000000001       -41.382272735579306     
   68.969999999999999       -41.026395579812231     
   69.299999999999997       -40.673605898276968     
   69.629999999999995       -40.323777787422024     
   69.959999999999994       -39.976748217178439     
   70.290000000000006       -39.632317435031673     
   70.620000000000005       -39.290249410058316     
   70.950000000000003       -38.950272316181241     
   71.280000000000001       -38.612079053860398     
   71.609999999999999       -38.275327809395208     
   71.939999999999998       -37.939642650978939     
   72.269999999999996       -37.604614160610240     
   72.599999999999994       -37.269800100928364     
   72.930000000000007       -36.934726116011504     
   73.260000000000005       -36.598886465136673     
   73.590000000000003       -36.261744788475880     
   73.920000000000002       -35.922734903669529     
   74.250000000000000       -35.581261632190113     
   74.579999999999998       -35.236701654382919     
   74.909999999999997       -34.888404392043313     
   75.239999999999995       -34.535692917367072     
   75.569999999999993       -34.177864887088127     
   75.900000000000006       -33.814193500591792     
   76.230000000000004       -33.443928480779185     
   76.560000000000002       -33.066297076432406     
   76.890000000000001       -32.680505084818577     
   77.219999999999999       -32.285737893253341     
   77.549999999999997       -31.881161538328392     
   77.879999999999995       -31.465923781498589     
   78.209999999999994       -31.039155199712603     
   78.540000000000006       -30.599970289759490     
   78.870000000000005       -30.147468584996552     
   79.200000000000003       -29.680735783121818     
   79.530000000000001       -29.198844883640959     
   79.859999999999999       -28.700857333687139     
   80.189999999999998       -28.185824180837997     
   80.519999999999996       -27.652787231583247     
   80.849999999999994       -27.100780214096588     
   81.180000000000007       -26.528829943962343     
   81.510000000000005       -25.935957491520266     
   81.840000000000003       -25.321179349492699     
   82.170000000000002       -24.683508599566373     
   82.500000000000000       -24.021956076613062     
   82.829999999999998       -23.335531529241020     
   83.159999999999997       -22.623244775380492     
   83.489999999999995       -21.884106851623486     
   83.819999999999993       -21.117131155050387     
   84.150000000000006       -20.321334576290170     
   84.480000000000004       -19.495738622585623     
   84.810000000000002       -18.639370529641500     
   85.140000000000001       -17.751264361069911     
   85.469999999999999       -16.830462094253008     
   85.799999999999997       -15.876014691475820     
   86.129999999999995       -14.886983155201870     
   86.459999999999994       -13.862439566390877     
   86.790000000000006       -12.801468104781543     
   87.120000000000005       -11.703166050093598     
   87.450000000000003       -10.566644763127279     
   87.780000000000001       -9.3910306457712807     
   88.109999999999999       -8.1754660789588058     
   88.439999999999998       -6.9191103376437901     
   88.769999999999996       -5.6211404818982054     
   89.099999999999994       -4.2807522232717901     
   89.430000000000007       -2.8971607655801606     
   89.760000000000005       -1.4696016193291328     
   90.090000000000003        2.6686109841911332E-003
   90.420000000000002        1.5203714674178350     
   90.750000000000000        3.0842059076639252     
   91.079999999999998        4.6948476033101230     
   91.409999999999997        6.3529482678948348     
   91.739999999999995        8.0591350153261061     
   92.069999999999993        9.8140097492040219     
   92.400000000000006        11.618148583532786     
   92.730000000000004        13.472101295285217     
   93.060000000000002        15.376390809228671     
   93.390000000000001        17.331512715390559     
   93.719999999999999        19.337934819495313     
   94.049999999999997        21.396096726667214     
   94.379999999999995        23.506409458652325     
   94.709999999999994        25.669255104770190     
   95.040000000000006        27.884986506766992     
   95.370000000000005        30.153926977700319     
   95.700000000000003        32.476370054946216     
   96.030000000000001        34.852579287374141     
   96.359999999999999        37.282788056702664     
   96.689999999999998        39.767199432999845     
   97.019999999999996        42.305986064260310     
   97.349999999999994        44.899290099944245     
   97.680000000000007        47.547223148330268     
   98.010000000000005        50.249866267490468     
   98.340000000000003        53.007269989662092     
   98.670000000000002        55.819454378746713     
   99.000000000000000        58.686409120635687     
   99.329999999999998        61.608093646020997     
   99.659999999999997        64.584437285315261     
   99.989999999999995        67.615339455267176     
   100.31999999999999        70.700669876828016     
   100.65000000000001        73.840268823786005     
   100.98000000000000        77.033947401654075     
   101.31000000000000        80.281487856266622     
   101.64000000000000        83.582643911501293     
   101.97000000000000        86.937141135521699     
   102.30000000000000        90.344677334898023     
   102.63000000000000        93.804922975936719     
   102.95999999999999        97.317521632525768     
   103.29000000000001        100.88209045976842     
   103.62000000000000        104.49822069265650     
   103.95000000000000        108.16547816901189     
   104.28000000000000        111.88340387589201     
   104.61000000000000        115.65151451864351     
   104.94000000000000        119.46930311175718     
   105.27000000000000        123.33623959066519     
   105.59999999999999        127.25177144359189     
   105.93000000000001        131.21532436256422     
   106.26000000000001        135.22630291265764     
   106.59000000000000        139.28409121855057     
   106.92000000000000        143.38805366743293     
   107.25000000000000        147.53753562731225     
   107.58000000000000        151.73186417974182     
   107.91000000000000        155.97034886598914     
   108.23999999999999        160.25228244564701     
   108.56999999999999        164.57694166669120     
   108.90000000000001        168.94358804597238     
   109.23000000000000        173.35146865912691     
   109.56000000000000        177.79981693889397     
   109.89000000000000        182.28785348080945     
   110.22000000000000        186.81478685525855     
   110.55000000000000        191.37981442486148     
   110.88000000000000        195.98212316616701     
   111.20999999999999        200.62089049463540     
   111.54000000000001        205.29528509188987     
   111.87000000000000        210.00446773422269     
   112.20000000000000        214.74759212135234     
   112.53000000000000        219.52380570442202     
   112.86000000000000        224.33225051225332     
   113.19000000000000        229.17206397486927     
   113.52000000000000        234.04237974331051     
   113.84999999999999        238.94232850478554     
   114.18000000000001        243.87103879220530     
   114.51000000000001        248.82763778716395     
   114.84000000000000        253.81125211544997     
   115.17000000000000        258.82100863417645     
   115.50000000000000        263.85603520965043     
   115.83000000000000        268.91546148510338     
   116.16000000000000        273.99841963743921     
   116.48999999999999        279.10404512216382     
   116.81999999999999        284.23147740568919     
   117.15000000000001        289.37986068422225     
   117.48000000000000        294.54834458847216     
   117.81000000000000        299.73608487343495     
   118.14000000000000        304.94224409253934     
   118.47000000000000        310.16599225545446     
   118.80000000000000        315.40650746889713     
   119.13000000000000        320.66297655979747     
   119.45999999999999        325.93459568020660     
   119.79000000000001        331.22057089336073     
   120.12000000000000        336.52011874034338     
   120.45000000000000        341.83246678681718     
   120.78000000000000        347.15685414932517     
   121.11000000000000        352.49253200068898     
   121.44000000000000        357.83876405406687     
   121.77000000000000        363.19482702525784     
   122.09999999999999        368.56001107287852     
   122.43000000000001        373.93362021605952     
   122.76000000000001        379.31497272934638     
   123.09000000000000        384.70340151452541     
   123.42000000000000        390.09825444911468     
   123.75000000000000        395.49889471130177     
   124.08000000000000        400.90470108114283     
   124.41000000000000        406.31506821786013     
   124.73999999999999        411.72940691312056     
   125.06999999999999        417.14714432019474     
   125.40000000000001        422.56772415894483     
   125.73000000000000        427.99060689660274     
   126.06000000000000        433.41526990435415     
   126.39000000000000        438.84120758974876     
   126.72000000000000        444.26793150501601     
   127.05000000000000        449.69497043137380     
   127.38000000000000        455.12187043946631     
   127.70999999999999        460.54819492607874     
   128.03999999999999        465.97352462732965     
   128.37000000000000        471.39745760854942     
   128.69999999999999        476.81960923109352     
   129.03000000000000        482.23961209637417     
   129.36000000000001        487.65711596739908     
   129.69000000000000        493.07178766816503     
   130.02000000000001        498.48331096125543     
   130.34999999999999        503.89138640402439     
   130.68000000000001        509.29573118378738     
   131.00999999999999        514.69607893244461     
   131.34000000000000        520.09217952100232     
   131.66999999999999        525.48379883447160     
   132.00000000000000        530.87071852765541     
   132.33000000000001        536.25273576234497     
   132.66000000000000        541.62966292648207     
   132.99000000000001        547.00132733585349     
   133.31999999999999        552.36757091890115     
   133.65000000000001        557.72824988526872     
   133.97999999999999        563.08323437869205     
   134.31000000000000        568.43240811489238     
   134.63999999999999        573.77566800511761     
   134.97000000000000        579.11292376601000     
   135.30000000000001        584.44409751648368     
   135.63000000000000        589.76912336231089     
   135.96000000000001        595.08794696913264     
   136.28999999999999        600.40052512460500     
   136.62000000000000        605.70682529042415     
   136.94999999999999        611.00682514495963     
   137.28000000000000        616.30051211725265     
   137.61000000000001        621.58788291312510     
   137.94000000000000        626.86894303416568     
   138.27000000000001        632.14370629035659     
   138.59999999999999        637.41219430710214     
   138.93000000000001        642.67443602744368     
   139.25999999999999        647.93046721021130     
   139.59000000000000        653.18032992490851     
   139.91999999999999        658.42407204408198     
   140.25000000000000        663.66174673395540     
   140.58000000000001        668.89341194409258     
   140.91000000000000        674.11912989684799     
   141.24000000000001        679.33896657737353     
   141.56999999999999        684.55299122491749     
   141.90000000000001        689.76127582617903     
   142.22999999999999        694.96389461143804     
   142.56000000000000        700.16092355420608     
   142.88999999999999        705.35243987509909     
   143.22000000000000        710.53852155065795     
   143.55000000000001        715.71924682779763     
   143.88000000000000        720.89469374458042     
   144.21000000000001        726.06493965797870     
   144.53999999999999        731.23006077927857     
   144.87000000000000        736.39013171778060     
   145.19999999999999        741.54522503340183     
   145.53000000000000        746.69541079880867     
   145.86000000000001        751.84075617165331     
   146.19000000000000        756.98132497750362     
   146.52000000000001        762.11717730400471     
   146.84999999999999        767.24836910681574     
   147.18000000000001        772.37495182783800     
   147.50999999999999        777.49697202621701     
   147.84000000000000        782.61447102260297     
   148.16999999999999        787.72748455710814     
   148.50000000000000        792.83604246139930     
   148.83000000000001        797.94016834531965     
   149.16000000000000        803.03987929842560     
   149.49000000000001        808.13518560679984     
   149.81999999999999        813.22609048545860     
   150.15000000000001        818.31258982668385     
   150.47999999999999        823.39467196453484     
   150.81000000000000        828.47231745582530     
   151.13999999999999        833.54549887777671     
   151.47000000000000        838.61418064256350     
   151.80000000000001        843.67831882893006     
   152.13000000000000        848.73786103103123     
   152.46000000000001        853.79274622462708     
   152.78999999999999        858.84290465072820     
   153.12000000000000        863.88825771677512     
   153.44999999999999        868.92871791539244     
   153.78000000000000        873.96418876074756     
   154.11000000000001        878.99456474250462     
   154.44000000000000        884.01973129734586     
   154.77000000000001        889.03956479800968     
   155.09999999999999        894.05393255975332     
   155.43000000000001        899.06269286414567     
   155.75999999999999        904.06569500004503     
   156.09000000000000        909.06277932161618     
   156.41999999999999        914.05377732319562     
   156.75000000000000        919.03851173080386     
   157.08000000000001        924.01679661006904     
   157.41000000000000        928.98843749031164     
   157.74000000000001        933.95323150451418     
   158.06999999999999        938.91096754486637     
   158.40000000000001        943.86142643357584     
   158.72999999999999        948.80438110858893     
   159.06000000000000        953.73959682386612     
   159.38999999999999        958.66683136381641     
   159.72000000000000        963.58583527149426     
   160.05000000000001        968.49635209012683     
   160.38000000000000        973.39811861752958     
   160.71000000000001        978.29086517295752     
   161.03999999999999        983.17431587589385     
   161.37000000000000        988.04818893630193     
   161.69999999999999        992.91219695581458     
   162.03000000000000        997.76604723934622     
   162.36000000000001        1002.6094421165745     
   162.69000000000000        1007.4420792727523     
   163.02000000000001        1012.2636520882751     
   163.34999999999999        1017.0738499864277     
   163.68000000000001        1021.8723587887238     
   164.00999999999999        1026.6588610772419     
   164.34000000000000        1031.4330365633459     
   164.66999999999999        1036.1945624621760     
   165.00000000000000        1040.9431138722916     
   165.33000000000001        1045.6783641598322     
   165.66000000000000        1050.3999853465671     
   165.99000000000001        1055.1076485011897     
   166.31999999999999        1059.8010241332172     
   166.65000000000001        1064.4797825888563     
   166.97999999999999        1069.1435944481730     
   167.31000000000000        1073.7921309229403     
   167.63999999999999        1078.4250642545003     
   167.97000000000000        1083.0420681110022     
   168.30000000000001        1087.6428179833722     
   168.63000000000000        1092.2269915793747     
   168.96000000000001        1096.7942692151262     
   169.28999999999999        1101.3443342034341     
   169.62000000000000        1105.8768732383323     
   169.94999999999999        1110.3915767751910     
   170.28000000000000        1114.8881394057996     
   170.61000000000001        1119.3662602278043     
   170.94000000000000        1123.8256432079247     
   171.27000000000001        1128.2659975383488     
   171.59999999999999        1132.6870379857446     
   171.93000000000001        1137.0884852323247     
   172.25999999999999        1141.4700662084156     
   172.59000000000000        1145.8315144159942     
   172.91999999999999        1150.1725702426791     
   173.25000000000000        1154.4929812656608     
   173.58000000000001        1158.7925025450884     
   173.91000000000000        1163.0708969064394     
   174.24000000000001        1167.3279352114093     
   174.56999999999999        1171.5633966168875     
   174.90000000000001        1175.7770688216010     
   175.22999999999999        1179.9687483000187     
   175.56000000000000        1184.1382405231388     
   175.88999999999999        1188.2853601657912     
   176.22000000000000        1192.4099313001241     
   176.55000000000001        1196.5117875749402     
   176.88000000000000        1200.5907723805981     
   177.21000000000001        1204.6467389991885     
   177.53999999999999        1208.6795507397401     
   177.87000000000000        1212.6890810582199     
   178.19999999999999        1216.6752136621137     
   178.53000000000000        1220.6378425994124     
   178.86000000000001        1224.5768723318313     
   179.19000000000000        1228.4922177921264     
   179.52000000000001        1232.3838044254039     
   179.84999999999999        1236.2515682143085     
   180.18000000000001        1240.0954556880572     
   180.50999999999999        1243.9154239152465     
   180.84000000000000        1247.7114404804397     
   181.16999999999999        1251.4834834445239     
   181.50000000000000        1255.2315412888836     
   181.83000000000001        1258.9556128434363     
   182.16000000000000        1262.6557071986181     
   182.49000000000001        1266.3318436014245     
   182.81999999999999        1269.9840513356264     
   183.15000000000001        1273.6123695863330     
   183.47999999999999        1277.2168472890594     
   183.81000000000000        1280.7975429635137     
   184.13999999999999        1284.3545245323203     
   184.47000000000000        1287.8878691249311     
   184.80000000000001        1291.3976628669914     
   185.13000000000000        1294.8840006554522     
   185.46000000000001        1298.3469859197480     
   185.78999999999999        1301.7867303693661     
   186.12000000000000        1305.2033537281743     
   186.44999999999999        1308.5969834558746     
   186.78000000000000        1311.9677544569852     
   187.11000000000001        1315.3158087777667     
   187.44000000000000        1318.6412952915216     
   187.77000000000001        1321.9443693727303     
   188.09999999999999        1325.2251925604814     
   188.43000000000001        1328.4839322117007     
   188.75999999999999        1331.7207611446597     
   189.09000000000000        1334.9358572733099     
   189.41999999999999        1338.1294032329547     
   189.75000000000000        1341.3015859978188     
   190.08000000000001        1344.4525964910729     
   190.41000000000000        1347.5826291878905     
   190.74000000000001        1350.6918817121184     
   191.06999999999999        1353.7805544271610     
   191.40000000000001        1356.8488500216838     
   191.72999999999999        1359.8969730907513     
   192.06000000000000        1362.9251297130245     
   192.38999999999999        1365.9335270246493     
   192.72000000000000        1368.9223727904764     
   193.05000000000001        1371.8918749732461     
   193.38000000000000        1374.8422413014050     
   193.71000000000001        1377.7736788361883     
   194.03999999999999        1380.6863935386330     
   194.37000000000000        1383.5805898371780     
   194.69999999999999        1386.4564701965071     
   195.03000000000000        1389.3142346882926     
   195.36000000000001        1392.1540805645013     
   195.69000000000000        1394.9762018339136     
   196.02000000000001        1397.7807888425084     
   196.34999999999999        1400.5680278583666     
   196.68000000000001        1403.3381006617351     
   197.00999999999999        1406.0911841408897     
   197.34000000000000        1408.8274498944306     
   197.66999999999999        1411.5470638406323     
   198.00000000000000        1414.2501858344729     
   198.33000000000001        1416.9369692929338     
   198.66000000000000        1419.6075608291883     
   198.99000000000001        1422.2620998962477     
   199.31999999999999        1424.9007184406471     
   199.65000000000001        1427.5235405667318     
   199.97999999999999        1430.1306822120932     
   200.31000000000000        1432.7222508346852     
   200.63999999999999        1435.2983451121420     
   200.97000000000000        1437.8590546538003     
   201.30000000000001        1440.4044597259117     
   201.63000000000000        1442.9346309905081     
   201.96000000000001        1445.4496292583892     
   202.28999999999999        1447.9495052566313     
   202.62000000000000        1450.4342994110687     
   202.94999999999999        1452.9040416441067     
   203.28000000000000        1455.3587511882552     
   203.61000000000001        1457.7984364157301     
   203.94000000000000        1460.2230946844466     
   204.27000000000001        1462.6327122007156     
   204.59999999999999        1465.0272638989170     
   204.93000000000001        1467.4067133384242     
   205.25999999999999        1469.7710126179959     
   205.59000000000000        1472.1201023078659     
   205.91999999999999        1474.4539113997027     
   206.25000000000000        1476.7723572746079     
   206.58000000000001        1479.0753456892869     
   206.91000000000000        1481.3627707805058     
   207.24000000000001        1483.6345150879170     
   207.56999999999999        1485.8904495953082     
   207.90000000000001        1488.1304337903196     
   208.22999999999999        1490.3543157426200     
   208.56000000000000        1492.5619322005386     
   208.88999999999999        1494.7531087060866     
   209.22000000000000        1496.9276597283163     
   209.55000000000001        1499.0853888149004     
   209.88000000000000        1501.2260887618163     
   210.21000000000001        1503.3495418009772     
   210.53999999999999        1505.4555198056335     
   210.87000000000000        1507.5437845133436     
   211.19999999999999        1509.6140877662674     
   211.53000000000000        1511.6661717685481     
   211.86000000000001        1513.6997693604858     
   212.19000000000000        1515.7146043091936     
   212.52000000000001        1517.7103916154138     
   212.84999999999999        1519.6868378361301     
   213.18000000000001        1521.6436414226000     
   213.50999999999999        1523.5804930733932     
   213.84000000000000        1525.4970761020240     
   214.16999999999999        1527.3930668187074     
   214.50000000000000        1529.2681349257864     
   214.83000000000001        1531.1219439263191     
   215.16000000000000        1532.9541515453220     
   215.49000000000001        1534.7644101631256     
   215.81999999999999        1536.5523672602919     
   216.15000000000001        1538.3176658735176     
   216.47999999999999        1540.0599450619279     
   216.81000000000000        1541.7788403831557     
   217.13999999999999        1543.4739843785667     
   217.47000000000000        1545.1450070670064     
   217.80000000000001        1546.7915364463868     
   218.13000000000000        1548.4131990024619     
   218.46000000000001        1550.0096202240852     
   218.78999999999999        1551.5804251242650     
   219.12000000000000        1553.1252387662967     
   219.44999999999999        1554.6436867942539     
   219.78000000000000        1556.1353959671044     
   220.11000000000001        1557.5999946957124     
   220.44000000000000        1559.0371135819751     
   220.77000000000001        1560.4463859593341     
   221.09999999999999        1561.8274484339113     
   221.43000000000001        1563.1799414254883     
   221.75999999999999        1564.5035097075649     
   222.09000000000000        1565.7978029457245     
   222.41999999999999        1567.0624762335226     
   222.75000000000000        1568.2971906251294     
   223.08000000000001        1569.5016136639445     
   223.41000000000000        1570.6754199064108     
   223.74000000000001        1571.8182914402530     
   224.06999999999999        1572.9299183963685     
   224.40000000000001        1574.0099994536113     
   224.72999999999999        1575.0582423357002     
   225.06000000000000        1576.0743642995051     
   225.38999999999999        1577.0580926139617     
   225.72000000000000        1578.0091650288764     
   226.05000000000001        1578.9273302328945     
   226.38000000000000        1579.8123482999158     
   226.71000000000001        1580.6639911232483     
   227.03999999999999        1581.4820428368114     
   227.37000000000000        1582.2663002227059     
   227.69999999999999        1583.0165731044870     
   228.03000000000000        1583.7326847254947     
   228.36000000000001        1584.4144721115993     
   228.69000000000000        1585.0617864177627     
   229.02000000000001        1585.6744932578033     
   229.34999999999999        1586.2524730167961     
   229.68000000000001        1586.7956211455512     
   230.00999999999999        1587.3038484366261     
   230.34000000000000        1587.7770812813710     
   230.66999999999999        1588.2152619075025     
   231.00000000000000        1588.6183485967483     
   231.33000000000001        1588.9863158821076     
   231.66000000000000        1589.3191547243173     
   231.99000000000001        1589.6168726671294     
   232.31999999999999        1589.8794939710272     
   232.65000000000001        1590.1070597250437     
   232.97999999999999        1590.2996279363649     
   233.31000000000000        1590.4572735974418     
   233.63999999999999        1590.5800887303456     
   233.97000000000000        1590.6681824081393     
   234.30000000000001        1590.7216807530735     
   234.63000000000000        1590.7407269114356     
   234.96000000000001        1590.7254810049055     
   235.28999999999999        1590.6761200583342     
   235.62000000000000        1590.5928379038319     
   235.94999999999999        1590.4758450611616     
   236.28000000000000        1590.3253685943957     
   236.61000000000001        1590.1416519448605     
   236.94000000000000        1589.9249547404256     
   237.27000000000001        1589.6755525812123     
   237.59999999999999        1589.3937368018364     
   237.93000000000001        1589.0798142103324     
   238.25999999999999        1588.7341068039341     
   238.59000000000000        1588.3569514619237     
   238.91999999999999        1587.9486996157905     
   239.25000000000000        1587.5097168969689     
   239.58000000000001        1587.0403827624632     
   239.91000000000000        1586.5410900986958     
   240.24000000000001        1586.0122448039415     
   240.56999999999999        1585.4542653497513     
   240.90000000000001        1584.8675823217891     
   241.22999999999999        1584.2526379405385     
   241.56000000000000        1583.6098855623748     
   241.88999999999999        1582.9397891615083     
   242.22000000000000        1582.2428227933569     
   242.55000000000001        1581.5194700399045     
   242.88000000000000        1580.7702234376682     
   243.21000000000001        1579.9955838888795     
   243.53999999999999        1579.1960600565540     
   243.87000000000000        1578.3721677441133     
   244.19999999999999        1577.5244292602756     
   244.53000000000000        1576.6533727699348     
   244.86000000000001        1575.7595316317884     
   245.19000000000000        1574.8434437234807     
   245.52000000000001        1573.9056507550656     
   245.84999999999999        1572.9466975715982     
   246.18000000000001        1571.9671314456962     
   246.50999999999999        1570.9675013609315     
   246.84000000000000        1569.9483572869087     
   247.16999999999999        1568.9102494469453     
   247.50000000000000        1567.8537275792364     
   247.83000000000001        1566.7793401924387     
   248.16000000000000        1565.6876338166092     
   248.49000000000001        1564.5791522504312     
   248.81999999999999        1563.4544358057074     
   249.15000000000001        1562.3140205500722     
   249.47999999999999        1561.1584375489085     
   249.81000000000000        1559.9882121074552     
   250.13999999999999        1558.8038630140989     
   250.47000000000000        1557.6059017858420     
   250.80000000000001        1556.3948319169610     
   251.13000000000000        1555.1711481318525     
   251.46000000000001        1553.9353356430752     
   251.78999999999999        1552.6878694156053     
   252.12000000000000        1551.4292134382981     
   252.44999999999999        1550.1598200035780     
   252.78000000000000        1548.8801289963490     
   253.11000000000001        1547.5905671931250     
   253.44000000000000        1546.2915475723798     
   253.77000000000001        1544.9834686370934     
   254.09999999999999        1543.6667137504799     
   254.43000000000001        1542.3416504858556     
   254.75999999999999        1541.0086299916154     
   255.09000000000000        1539.6679863722561     
   255.41999999999999        1538.3200360863766     
   255.75000000000000        1536.9650773625781     
   256.07999999999998        1535.6033896341621     
   256.41000000000003        1534.2352329935095     
   256.74000000000001        1532.8608476670140     
   257.06999999999999        1531.4804535114054     
   257.39999999999998        1530.0942495323025     
   257.73000000000002        1528.7024134257890     
   258.06000000000000        1527.3051011438054     
   258.38999999999999        1525.9024464841025     
   258.72000000000003        1524.4945607055038     
   259.05000000000001        1523.0815321691734     
   259.38000000000000        1521.6634260065730     
   259.70999999999998        1520.2402838147680     
   260.04000000000002        1518.8121233796878     
   260.37000000000000        1517.3789384279623     
   260.69999999999999        1515.9406984078594     
   261.02999999999997        1514.4973482998955     
   261.36000000000001        1513.0488084575866     
   261.69000000000000        1511.5949744788195     
   262.01999999999998        1510.1357171082702     
   262.35000000000002        1508.6708821712689     
   262.68000000000001        1507.2002905394675     
   263.00999999999999        1505.7237381286404     
   263.33999999999997        1504.2409959288989     
   263.67000000000002        1502.7518100675784     
   264.00000000000000        1501.2559019050032     
   264.32999999999998        1499.7529681633087     
   264.66000000000003        1498.2426810884529     
   264.99000000000001        1496.7246886455182     
   265.31999999999999        1495.1986147473510     
   265.64999999999998        1493.6640595165713     
   265.98000000000002        1492.1205995809105     
   266.31000000000000        1490.5677884018314     
   266.63999999999999        1489.0051566363124     
   266.97000000000003        1487.4322125316648     
   267.30000000000001        1485.8484423531820     
   267.63000000000000        1484.2533108444115     
   267.95999999999998        1482.6462617197683     
   268.29000000000002        1481.0267181891952     
   268.62000000000000        1479.3940835145143     
   268.94999999999999        1477.7477415970789     
   269.27999999999997        1476.0870575963147     
   269.61000000000001        1474.4113785786594     
   269.94000000000000        1472.7200341964101     
   270.26999999999998        1471.0123373959261     
   270.60000000000002        1469.2875851546044     
   270.93000000000001        1467.5450592460006     
   271.25999999999999        1465.7840270324389     
   271.58999999999997        1464.0037422844093     
   271.92000000000002        1462.2034460260188     
   272.25000000000000        1460.3823674057326     
   272.57999999999998        1458.5397245915801     
   272.91000000000003        1456.6747256900117     
   273.24000000000001        1454.7865696875115     
   273.56999999999999        1452.8744474140706     
   273.89999999999998        1450.9375425275753     
   274.23000000000002        1448.9750325181469     
   274.56000000000000        1446.9860897314297     
   274.88999999999999        1444.9698824097939     
   275.22000000000003        1442.9255757504061     
   275.55000000000001        1440.8523329790778     
   275.88000000000000        1438.7493164387784     
   276.20999999999998        1436.6156886916831     
   276.54000000000002        1434.4506136335995     
   276.87000000000000        1432.2532576195831     
   277.19999999999999        1430.0227905995489     
   277.52999999999997        1427.7583872626519     
   277.86000000000001        1425.4592281892001     
   278.19000000000000        1423.1245010088423     
   278.51999999999998        1420.7534015637491     
   278.85000000000002        1418.3451350755104     
   279.18000000000001        1415.8989173144512     
   279.50999999999999        1413.4139757700284     
   279.83999999999997        1410.8895508210226     
   280.17000000000002        1408.3248969041599     
   280.50000000000000        1405.7192836798527     
   280.82999999999998        1403.0719971936883     
   281.16000000000003        1400.3823410323391     
   281.49000000000001        1397.6496374725332     
   281.81999999999999        1394.8732286217285     
   282.14999999999998        1392.0524775491513     
   282.48000000000002        1389.1867694058301     
   282.81000000000000        1386.2755125323017     
   283.13999999999999        1383.3181395526196     
   283.47000000000003        1380.3141084533547     
   283.80000000000001        1377.2629036462504     
   284.13000000000000        1374.1640370132050     
   284.45999999999998        1371.0170489322952     
   284.79000000000002        1367.8215092835303     
   285.12000000000000        1364.5770184330681     
   285.44999999999999        1361.2832081946183     
   285.77999999999997        1357.9397427668052     
   286.11000000000001        1354.5463196452370     
   286.44000000000000        1351.1026705081019     
   286.76999999999998        1347.6085620740876     
   287.10000000000002        1344.0637969314623     
   287.43000000000001        1340.4682143372011     
   287.75999999999999        1336.8216909850103     
   288.08999999999997        1333.1241417412068     
   288.42000000000002        1329.3755203473645     
   288.75000000000000        1325.5758200887274     
   289.07999999999998        1321.7250744273733     
   289.41000000000003        1317.8233575991931     
   289.74000000000001        1313.8707851737427     
   290.06999999999999        1309.8675145760735     
   290.39999999999998        1305.8137455697083     
   290.73000000000002        1301.7097206999174     
   291.06000000000000        1297.5557256965449     
   291.38999999999999        1293.3520898356164     
   291.72000000000003        1289.0991862590618     
   292.05000000000001        1284.7974322518749     
   292.38000000000000        1280.4472894760984     
   292.70999999999998        1276.0492641610765     
   293.04000000000002        1271.6039072494414     
   293.37000000000000        1267.1118144983509     
   293.69999999999999        1262.5736265355467     
   294.02999999999997        1257.9900288698482     
   294.36000000000001        1253.3617518557330     
   294.69000000000000        1248.6895706117273     
   295.01999999999998        1243.9743048923388     
   295.35000000000002        1239.2168189133611     
   295.68000000000001        1234.4180211303915     
   296.00999999999999        1229.5788639704665     
   296.33999999999997        1224.7003435167728     
   296.67000000000002        1219.7834991464408     
   297.00000000000000        1214.8294131214750     
   297.32999999999998        1209.8392101329180     
   297.66000000000003        1204.8140567984269     
   297.99000000000001        1199.7551611134536     
   298.31999999999999        1194.6637718562886     
   298.64999999999998        1189.5411779472956     
   298.98000000000002        1184.3887077626812     
   299.31000000000000        1179.2077284032216     
   299.63999999999999        1173.9996449184059     
   299.97000000000003        1168.7658994865099     
   300.30000000000001        1163.5079705511707     
   300.63000000000000        1158.2273719150621     
   300.95999999999998        1152.9256517913439     
   301.29000000000002        1147.6043918135867     
   301.62000000000000        1142.2652060049516     
   301.94999999999999        1136.9097397073901     
   302.27999999999997        1131.5396684717664     
   302.61000000000001        1126.1566969097637     
   302.94000000000000        1120.7625575085399     
   303.26999999999998        1115.3590094091064     
   303.60000000000002        1109.9478371494743     
   303.93000000000001        1104.5308493736404     
   304.25999999999999        1099.1098775075209     
   304.58999999999997        1093.6867744030012     
   304.92000000000002        1088.2634129512919     
   305.25000000000000        1082.8416846668299     
   305.57999999999998        1077.4234982429907     
   305.91000000000003        1072.0107780809240     
   306.24000000000001        1066.6054627928631     
   306.56999999999999        1061.2095036812682     
   306.89999999999998        1055.8248631952235     
   307.23000000000002        1050.4535133655288     
   307.56000000000000        1045.0974342199470     
   307.88999999999999        1039.7586121801053     
   308.22000000000003        1034.4390384415756     
   308.55000000000001        1029.1407073386872     
   308.88000000000000        1023.8656146956208     
   309.20999999999998        1018.6157561654065     
   309.54000000000002        1013.3931255584089     
   309.87000000000000        1008.1997131619584     
   310.19999999999999        1003.0375040527435     
   310.52999999999997        997.90847640365837     
   310.86000000000001        992.81459978675844     
   311.19000000000000        987.75783347402682     
   311.51999999999998        982.74012473763116     
   311.85000000000002        977.76340715139361     
   312.18000000000001        972.82959889517531     
   312.50999999999999        967.94060106388974     
   312.83999999999997        963.09829598286649     
   313.17000000000002        958.30454553128538     
   313.50000000000000        953.56118947539665     
   313.82999999999998        948.87004381323572     
   314.16000000000003        944.23289913255508     
   314.49000000000001        939.65151898367117     
   314.81999999999999        935.12763826891239     
   315.14999999999998        930.66296165036829     
   315.48000000000002        926.25916197760500     
   315.81000000000000        921.91787873700127     
   316.13999999999999        917.64071652436053     
   316.47000000000003        913.42924354240915     
   316.80000000000001        909.28499012480393     
   317.13000000000000        905.20944728821883     
   317.45999999999998        901.20406531408776     
   317.79000000000002        897.27025236152508     
   318.12000000000000        893.40937311296113     
   318.44999999999999        889.62274745394109     
   318.77999999999997        885.91164918857567     
   319.11000000000001        882.27730479205093     
   319.44000000000000        878.72089220158762     
   319.76999999999998        875.24353964720547     
   320.10000000000002        871.84632452362382     
   320.43000000000001        868.53027230456689     
   320.75999999999999        865.29635550072805     
   321.08999999999997        862.14549266258996     
   321.42000000000002        859.07854742926952     
   321.75000000000000        856.09632762450508     
   322.07999999999998        853.19958440085065     
   322.41000000000003        850.38901143312262     
   322.74000000000001        847.66524416207221     
   323.06999999999999        845.02885908921655     
   323.39999999999998        842.48037312371719     
   323.73000000000002        840.02024298214212     
   324.06000000000000        837.64886464189578     
   324.38999999999999        835.36657284903856     
   324.72000000000003        833.17364068119332     
   325.05000000000001        831.07027916614732     
   325.38000000000000        829.05663695672592     
   325.70999999999998        827.13280006245657     
   326.04000000000002        825.29879163847386     
   326.37000000000000        823.55457183207250     
   326.69999999999999        821.90003768725455     
   327.02999999999997        820.33502310754909     
   327.36000000000001        818.85929887734164     
   327.69000000000000        817.47257274188053     
   328.01999999999998        816.17448954606471     
   328.35000000000002        814.96463143207257     
   328.68000000000001        813.84251809582088     
   329.00999999999999        812.80760710218044     
   329.33999999999997        811.85929425883126     
   329.67000000000002        810.99691404855764     
   330.00000000000000        810.21974011975146     
